     1        0    32400   0.000
     2    20038    32400   0.020
     3    40075    32400   0.040
     4    60112    32400   0.060
     5    80149    32400   0.080
     6   100186    32400   0.100
     7   120223    33117   0.120
     8   140260    33117   0.140
     9   160297    33117   0.160
    10   180334    33117   0.180
    11   200371    33117   0.200
    12   220408    33117   0.220
    13   240445    34190   0.240
    14   260482    34190   0.260
    15   280519    34190   0.280
    16   300556    34190   0.300
    17   320593    34190   0.320
    18   340630    34190   0.340
    19   360667    35385   0.360
    20   380704    35385   0.380
    21   400741    35385   0.400
    22   420778    35385   0.420
    23   440815    35385   0.440
    24   460852    35385   0.460
    25   480889    36699   0.480
    26   500926    36699   0.500
    27   520963    36699   0.520
    28   541000    36699   0.540
    29   561037    36699   0.560
    30   581074    36699   0.580
    31   601111    38044   0.600
    32   621148    38044   0.620
    33   641185    38044   0.640
    34   661222    38044   0.660
    35   681259    38044   0.680
    36   701296    39416   0.700
    37   721333    39416   0.720
    38   741370    39416   0.740
    39   761407    39416   0.760
    40   781444    39416   0.780
    41   801481    39416   0.800
    42   821518    40824   0.820
    43   841555    40824   0.840
    44   861592    40824   0.860
    45   881629    40824   0.880
    46   901666    40824   0.900
    47   921703    40824   0.920
    48   941740    42262   0.940
    49   961777    42262   0.960
    50   981814    42262   0.980
    51  1001851    42262   1.000
    52  1021888    42262   1.020
    53  1041925    42262   1.040
    54  1061962    43757   1.060
    55  1081999    43757   1.080
    56  1102036    43757   1.100
    57  1122073    43757   1.120
    58  1142110    43757   1.140
    59  1162147    43757   1.160
    60  1182184    45264   1.180
    61  1202221    45264   1.200
    62  1222258    45264   1.220
    63  1242295    45264   1.240
    64  1262332    45264   1.260
    65  1282369    45264   1.280
    66  1302406    46833   1.300
    67  1322443    46833   1.320
    68  1342480    46833   1.340
    69  1362517    46833   1.360
    70  1382554    46833   1.380
    71  1402591    48384   1.400
    72  1422628    48384   1.420
    73  1442665    48384   1.440
    74  1462702    48384   1.460
    75  1482739    48384   1.480
    76  1502776    48384   1.500
    77  1522813    49970   1.520
    78  1542850    49970   1.540
    79  1562887    49970   1.560
    80  1582924    49970   1.580
    81  1602961    49970   1.600
    82  1622998    49970   1.620
    83  1643035    51529   1.640
    84  1663072    51529   1.660
    85  1683109    51529   1.680
    86  1703146    51529   1.700
    87  1723183    51529   1.720
    88  1743220    51529   1.740
    89  1763257    53192   1.760
    90  1783294    53192   1.780
    91  1803331    53192   1.800
    92  1823368    53192   1.820
    93  1843405    53192   1.840
    94  1863442    53192   1.860
    95  1883479    54810   1.880
    96  1903516    54810   1.900
    97  1923553    54810   1.920
    98  1943590    54810   1.940
    99  1963627    54810   1.960
   100  1983664    54810   1.980
   101  2003701    56415   2.000
   102  2023738    56415   2.020
   103  2043775    56415   2.040
   104  2063812    56415   2.060
   105  2083849    56415   2.080
   106  2103886    58071   2.100
   107  2123923    58071   2.120
   108  2143960    58071   2.140
   109  2163997    58071   2.160
   110  2184034    58071   2.180
   111  2204071    58071   2.200
   112  2224108    59627   2.220
   113  2244145    59627   2.240
   114  2264182    59627   2.260
   115  2284219    59627   2.280
   116  2304256    59627   2.300
   117  2324293    59627   2.320
   118  2344330    61224   2.340
   119  2364367    61224   2.360
   120  2384404    61224   2.380
   121  2404441    61224   2.400
   122  2424478    61224   2.420
   123  2444515    61224   2.440
   124  2464552    62845   2.460
   125  2484589    62845   2.480
   126  2504626    62845   2.500
